50.16523082647023 19.625340629501924 9001
50.16539971054326 19.625022100248128 9002
50.16566418770367 19.624639911057525 9003
50.16598341979715 19.624458746982672 9004
50.166313225614346 19.62429723056375 9005
50.166788456864744 19.623995875240766 9006
50.1660412028144 19.623921019289572 9007
50.165959589586954 19.623551671546338 9008
50.16589181651715 19.623155051980078 9009
50.16599977628438 19.622817895014755 9010
50.16547507510575 19.624193874790684 9011
50.165281055413196 19.62389039997394 9012
50.165107809337634 19.62349144006858 9013
50.164818965739734 19.623433411706582 9014
