50.171358292032494 19.61389800013917 1
50.17652909552219 19.622421292161246 2
50.16936423349104 19.62936174135811 3
50.17131825645811 19.618988891908938 4
50.165755237282575 19.626563560113603 5
50.16349570237748 19.63617727714862 6
50.16849948058621 19.637636118373198 7
50.162345196978855 19.62113529314858 8
50.1710006111656 19.639649846448112 9
50.170578994419685 19.64249076992479 10
50.17283690701415 19.637658599902416 11
50.167827695355896 19.62078929161567 12
50.17574560238298 19.614437611964174 13
50.17016704361402 19.608500564888082 14
50.17522478385603 19.611336015638635 15
50.17489965405826 19.614965471563657 16
50.17235691512033 19.624461990424606 17
50.17079019132898 19.60661818571633 18
50.169135195539575 19.619871220738435 19
50.16930044322442 19.61172260716517 20
50.16449327546295 19.629904520202007 21
50.17153120516779 19.621042059122043 22
50.16971666974706 19.61994713272063 23
50.17262356367887 19.612797217815295 24
50.16817060110824 19.626332180584924 25
50.168537123717044 19.621823546202833 26
50.168673011918344 19.620683535102497 27
50.169561785313384 19.621036355701285 28
50.1695253324937 19.622244331568673 29
50.16908881159907 19.621820830453345 30
50.168569423263456 19.620999123097313 31
50.1690136082286 19.621960428340046 32
50.169252519076885 19.622339921309113 33
50.16905081714909 19.620693797709496 34
50.16871801107159 19.621923919259352 35
50.168676957304356 19.62204409441271 36
50.16901652085095 19.621239657277766 37
50.1690137054565 19.62198285733947 38
50.16884189975002 19.62196380841063 39
50.16922348703798 19.62165129941959 40
50.16845734479616 19.62188866393182 41
50.16889404987756 19.621928355919675 42
50.168883197426794 19.621407382379243 43
50.16890855744516 19.62174093406696 44
50.16929531793396 19.621532451559887 45
50.1685985645454 19.62128519199453 46
50.16957486459024 19.62149557986493 47
50.16910268741379 19.621159075098213 48
50.16856132346999 19.620910450697988 49
50.16900332267499 19.622187366193128 50
