50.165220600828455 19.62491124611842 370
50.16541841465633 19.624798269662936 321
50.165394291417144 19.624421675879518 328
50.16513737496914 19.623954700642553 125
50.164504489359096 19.62402706082411 178
50.16391978622346 19.623729853352007 7
50.16471941102935 19.626010349522282 338
50.165590091558265 19.623832295091475 31
50.165804789890124 19.623404862467943 373
50.16531508409728 19.623310714529236 274
50.16472885965653 19.62362139355752 9
50.16466734404612 19.623414267284325 18
50.16441379067168 19.622913822963586 333
50.1654264989326 19.622813073078344 298
50.1652804882363 19.622506535771933 280
50.165834789311226 19.62280911167963 179
50.16580855752822 19.622155916494386 13
50.16581962561616 19.621677519978743 225
50.166044093118266 19.62329692984834 11
50.166098914033064 19.62368206216528 22
50.16638589712646 19.62417360284158 190
50.16712102422911 19.623630678006876 212
50.16715445802267 19.62311586810893 35
50.166814059717545 19.622522772262208 339
50.166483330386235 19.621646232634316 12
50.16557431145098 19.625762593053395 297
50.16586037849377 19.62550547269507 176
50.16614500026186 19.62522804997925 315
50.16532291376216 19.626524931212153 348
50.16568988986138 19.626339992494472 353
50.165988963664674 19.62636254906329 74
50.16538793279879 19.626833933083667 136
50.16573034536122 19.626879048258736 137
50.16544138710012 19.6271293982839 285
50.16564365144389 19.62755568595716 207
50.16531135937092 19.628038355665943 210
50.1647204372031 19.628148863908606 202
50.16443147309816 19.62811277852707 211
50.164467512367985 19.626414464797783 330
50.16385965776813 19.626077501126254 139
50.16383903927423 19.625337211447647 6
50.16362254455148 19.624886600338925 147
50.16506582418135 19.624516455499624 328