50.163338902949725 19.62456518805813 900000
50.17027209756477 19.63544997766178 900001
50.17293975266475 19.614777876966755 900002
50.1626355689911 19.61812888346659 900003
50.17614795224319 19.607434848811756 900004
50.166831879176485 19.606588597392246 900005
50.171830237534955 19.64176565003139 900006
50.17557703017039 19.620531508208234 900007
50.16536909956115 19.618916244737875 900008
50.163020594989526 19.620834971151577 900009
50.16545684683801 19.61889795981717 900010
50.17362059827891 19.630244716698645 900011
50.16376436488348 19.639639591465844 900012
50.16286700062331 19.618538099803803 900013
50.16654435482362 19.60958173480139 900014
50.17143992048773 19.64080843143281 900015
50.17044263277065 19.622928738595093 900016
50.17497549643414 19.631620561672452 900017
50.16574287751898 19.617697261625636 900018
50.16301502335056 19.608431624864917 900019
50.172196051340094 19.610927567061893 900020
50.17074954898974 19.638316678937436 900021
50.16708221012857 19.63350430578577 900022
50.165860060980435 19.627635958454448 900023
50.165138422582594 19.625276187551226 900024
50.16888778417427 19.621841865594156 900025
50.169035779086876 19.62131147013912 900026
50.16831324515501 19.621104033785233 900027
50.16859698030663 19.621669506851006 900028
50.169439226330724 19.621282119824354 900029
50.16938304762014 19.622330928253334 900030
50.16890214907315 19.622262937503866 900031
50.16949696893827 19.62106607774208 900032
50.16882127880065 19.62142538786272 900033
50.16895484231632 19.621417514753155 900034
50.1693940153921 19.621965995972058 900035
50.169251889514044 19.622000210859117 900036
50.168817513369085 19.621701726639667 900037
50.169506893805995 19.621173110713606 900038
50.168393508099655 19.62139455822371 900039
50.168858841616405 19.621889670227986 900040
50.1692880422795 19.62069686456628 900041
50.16924091652314 19.621759182679277 900042
50.16853469506636 19.62233960795618 900043
50.16846888780175 19.62153364326459 900044
50.16901864410831 19.621366386882112 900045
50.16827330527302 19.62170074606839 900046
50.16893591971401 19.621650004768 900047
50.1688312660281 19.620934039828448 900048
50.16934076638777 19.62174542634646 900049
